0 1 1 1 1 1 1 1 1 1 1 1 1 1 1 5
8 9 10 10 10 10 10 10 22 10 10 10 10 10 12 13
8 17 18 18 18 18 18 18 18 18 18 18 18 18 20 13
8 17 18 18 18 18 18 18 18 18 18 18 18 18 20 13
8 17 18 18 18 18 18 18 18 18 18 18 18 18 20 13
8 46 18 18 18 18 18 18 18 18 18 18 18 18 38 13
8 17 18 18 18 18 18 18 18 18 18 18 18 18 20 13
8 17 18 18 18 18 18 18 18 18 18 18 18 18 20 13
8 17 18 18 18 18 18 18 18 18 18 18 18 18 20 13
8 17 18 18 18 18 18 18 18 18 18 18 18 18 20 13
8 33 34 34 34 34 30 34 34 34 34 34 34 34 36 37
40 42 42 42 42 42 42 42 42 42 42 42 42 42 42 45